######################################################################  RAVENS
Baltimore Ravens,BAL
QB,QB One,38,2001,75,75,75,75,75,75,4.1,5
QB,QB Two,38,2001,75,75,75,75,75,75,4.1,5
RB,RB One,38,2001,75,75,75,75,75,75,4.1,5
RB,RB Two,38,2001,75,75,75,75,75,75,4.1,5
RB,RB Three,38,2001,75,75,75,75,75,75,4.1,5
RB,RB Four,38,2001,75,75,75,75,75,75,4.1,5
WR,WR One,38,2001,75,75,75,75,75,75,4.1,5
WR,WR Two,38,2001,75,75,75,75,75,75,4.1,5
WR,WR Three,38,2001,75,75,75,75,75,75,4.1,5
WR,WR Four,38,2001,75,75,75,75,75,75,4.1,5
WR,WR Five,38,2001,75,75,75,75,75,75,4.1,5
WR,WR Six,38,2001,75,75,75,75,75,75,4.1,5
OL,OL One,38,2001,75,75,75,75,75,75,4.1,5
OL,OL Two,38,2001,75,75,75,75,75,75,4.1,5
OL,OL Three,38,2001,75,75,75,75,75,75,4.1,5
OL,OL Four,38,2001,75,75,75,75,75,75,4.1,5
OL,OL Five,38,2001,75,75,75,75,75,75,4.1,5
OL,OL Six,38,2001,75,75,75,75,75,75,4.1,5
OL,OL Seven,38,2001,75,75,75,75,75,75,4.1,5
K,K One,38,2001,75,75,75,75,75,75,4.1,5
K,K Two,38,2001,75,75,75,75,75,75,4.1,5
S,S One,38,2001,75,75,75,75,75,75,4.1,5
S,S Two,38,2001,75,75,75,75,75,75,4.1,5
CB,CB One,38,2001,75,75,75,75,75,75,4.1,5
CB,CB Two,38,2001,75,75,75,75,75,75,4.1,5
CB,CB Three,38,2001,75,75,75,75,75,75,4.1,5
CB,CB Four,38,2001,75,75,75,75,75,75,4.1,5
CB,CB Five,38,2001,75,75,75,75,75,75,4.1,5
DL,DL One,38,2001,75,75,75,75,75,75,4.1,5
DL,DL Two,38,2001,75,75,75,75,75,75,4.1,5
DL,DL Three,38,2001,75,75,75,75,75,75,4.1,5
DL,DL Four,38,2001,75,75,75,75,75,75,4.1,5
DL,DL Five,38,2001,75,75,75,75,75,75,4.1,5
DL,DL Six,38,2001,75,75,75,75,75,75,4.1,5
LB,LB One,38,2001,75,75,75,75,75,75,4.1,5
LB,LB Two,38,2001,75,75,75,75,75,75,4.1,5
LB,LB Three,38,2001,75,75,75,75,75,75,4.1,5
LB,LB Four,38,2001,75,75,75,75,75,75,4.1,5
LB,LB Five,38,2001,75,75,75,75,75,75,4.1,5
LB,LB Six,38,2001,75,75,75,75,75,75,4.1,5
END_PLAYERS
######################################################################  BENGALS
Cincinnati Bengals,CIN
QB,QB One,38,2001,75,75,75,75,75,75,4.1,5
QB,QB Two,38,2001,75,75,75,75,75,75,4.1,5
RB,RB One,38,2001,75,75,75,75,75,75,4.1,5
RB,RB Two,38,2001,75,75,75,75,75,75,4.1,5
RB,RB Three,38,2001,75,75,75,75,75,75,4.1,5
RB,RB Four,38,2001,75,75,75,75,75,75,4.1,5
WR,WR One,38,2001,75,75,75,75,75,75,4.1,5
WR,WR Two,38,2001,75,75,75,75,75,75,4.1,5
WR,WR Three,38,2001,75,75,75,75,75,75,4.1,5
WR,WR Four,38,2001,75,75,75,75,75,75,4.1,5
WR,WR Five,38,2001,75,75,75,75,75,75,4.1,5
WR,WR Six,38,2001,75,75,75,75,75,75,4.1,5
OL,OL One,38,2001,75,75,75,75,75,75,4.1,5
OL,OL Two,38,2001,75,75,75,75,75,75,4.1,5
OL,OL Three,38,2001,75,75,75,75,75,75,4.1,5
OL,OL Four,38,2001,75,75,75,75,75,75,4.1,5
OL,OL Five,38,2001,75,75,75,75,75,75,4.1,5
OL,OL Six,38,2001,75,75,75,75,75,75,4.1,5
OL,OL Seven,38,2001,75,75,75,75,75,75,4.1,5
K,K One,38,2001,75,75,75,75,75,75,4.1,5
K,K Two,38,2001,75,75,75,75,75,75,4.1,5
S,S One,38,2001,75,75,75,75,75,75,4.1,5
S,S Two,38,2001,75,75,75,75,75,75,4.1,5
CB,CB One,38,2001,75,75,75,75,75,75,4.1,5
CB,CB Two,38,2001,75,75,75,75,75,75,4.1,5
CB,CB Three,38,2001,75,75,75,75,75,75,4.1,5
CB,CB Four,38,2001,75,75,75,75,75,75,4.1,5
CB,CB Five,38,2001,75,75,75,75,75,75,4.1,5
DL,DL One,38,2001,75,75,75,75,75,75,4.1,5
DL,DL Two,38,2001,75,75,75,75,75,75,4.1,5
DL,DL Three,38,2001,75,75,75,75,75,75,4.1,5
DL,DL Four,38,2001,75,75,75,75,75,75,4.1,5
DL,DL Five,38,2001,75,75,75,75,75,75,4.1,5
DL,DL Six,38,2001,75,75,75,75,75,75,4.1,5
LB,LB One,38,2001,75,75,75,75,75,75,4.1,5
LB,LB Two,38,2001,75,75,75,75,75,75,4.1,5
LB,LB Three,38,2001,75,75,75,75,75,75,4.1,5
LB,LB Four,38,2001,75,75,75,75,75,75,4.1,5
LB,LB Five,38,2001,75,75,75,75,75,75,4.1,5
LB,LB Six,38,2001,75,75,75,75,75,75,4.1,5
END_PLAYERS
######################################################################  BROWNS
Cleveland Browns,CLE
QB,QB One,38,2001,75,75,75,75,75,75,4.1,5
QB,QB Two,38,2001,75,75,75,75,75,75,4.1,5
RB,RB One,38,2001,75,75,75,75,75,75,4.1,5
RB,RB Two,38,2001,75,75,75,75,75,75,4.1,5
RB,RB Three,38,2001,75,75,75,75,75,75,4.1,5
RB,RB Four,38,2001,75,75,75,75,75,75,4.1,5
WR,WR One,38,2001,75,75,75,75,75,75,4.1,5
WR,WR Two,38,2001,75,75,75,75,75,75,4.1,5
WR,WR Three,38,2001,75,75,75,75,75,75,4.1,5
WR,WR Four,38,2001,75,75,75,75,75,75,4.1,5
WR,WR Five,38,2001,75,75,75,75,75,75,4.1,5
WR,WR Six,38,2001,75,75,75,75,75,75,4.1,5
OL,OL One,38,2001,75,75,75,75,75,75,4.1,5
OL,OL Two,38,2001,75,75,75,75,75,75,4.1,5
OL,OL Three,38,2001,75,75,75,75,75,75,4.1,5
OL,OL Four,38,2001,75,75,75,75,75,75,4.1,5
OL,OL Five,38,2001,75,75,75,75,75,75,4.1,5
OL,OL Six,38,2001,75,75,75,75,75,75,4.1,5
OL,OL Seven,38,2001,75,75,75,75,75,75,4.1,5
K,K One,38,2001,75,75,75,75,75,75,4.1,5
K,K Two,38,2001,75,75,75,75,75,75,4.1,5
S,S One,38,2001,75,75,75,75,75,75,4.1,5
S,S Two,38,2001,75,75,75,75,75,75,4.1,5
CB,CB One,38,2001,75,75,75,75,75,75,4.1,5
CB,CB Two,38,2001,75,75,75,75,75,75,4.1,5
CB,CB Three,38,2001,75,75,75,75,75,75,4.1,5
CB,CB Four,38,2001,75,75,75,75,75,75,4.1,5
CB,CB Five,38,2001,75,75,75,75,75,75,4.1,5
DL,DL One,38,2001,75,75,75,75,75,75,4.1,5
DL,DL Two,38,2001,75,75,75,75,75,75,4.1,5
DL,DL Three,38,2001,75,75,75,75,75,75,4.1,5
DL,DL Four,38,2001,75,75,75,75,75,75,4.1,5
DL,DL Five,38,2001,75,75,75,75,75,75,4.1,5
DL,DL Six,38,2001,75,75,75,75,75,75,4.1,5
LB,LB One,38,2001,75,75,75,75,75,75,4.1,5
LB,LB Two,38,2001,75,75,75,75,75,75,4.1,5
LB,LB Three,38,2001,75,75,75,75,75,75,4.1,5
LB,LB Four,38,2001,75,75,75,75,75,75,4.1,5
LB,LB Five,38,2001,75,75,75,75,75,75,4.1,5
LB,LB Six,38,2001,75,75,75,75,75,75,4.1,5
END_PLAYERS
######################################################################  STEELERS
Pittsburgh Steelers,PIT
QB,QB One,38,2001,75,75,75,75,75,75,4.1,5
QB,QB Two,38,2001,75,75,75,75,75,75,4.1,5
RB,RB One,38,2001,75,75,75,75,75,75,4.1,5
RB,RB Two,38,2001,75,75,75,75,75,75,4.1,5
RB,RB Three,38,2001,75,75,75,75,75,75,4.1,5
RB,RB Four,38,2001,75,75,75,75,75,75,4.1,5
WR,WR One,38,2001,75,75,75,75,75,75,4.1,5
WR,WR Two,38,2001,75,75,75,75,75,75,4.1,5
WR,WR Three,38,2001,75,75,75,75,75,75,4.1,5
WR,WR Four,38,2001,75,75,75,75,75,75,4.1,5
WR,WR Five,38,2001,75,75,75,75,75,75,4.1,5
WR,WR Six,38,2001,75,75,75,75,75,75,4.1,5
OL,OL One,38,2001,75,75,75,75,75,75,4.1,5
OL,OL Two,38,2001,75,75,75,75,75,75,4.1,5
OL,OL Three,38,2001,75,75,75,75,75,75,4.1,5
OL,OL Four,38,2001,75,75,75,75,75,75,4.1,5
OL,OL Five,38,2001,75,75,75,75,75,75,4.1,5
OL,OL Six,38,2001,75,75,75,75,75,75,4.1,5
OL,OL Seven,38,2001,75,75,75,75,75,75,4.1,5
K,K One,38,2001,75,75,75,75,75,75,4.1,5
K,K Two,38,2001,75,75,75,75,75,75,4.1,5
S,S One,38,2001,75,75,75,75,75,75,4.1,5
S,S Two,38,2001,75,75,75,75,75,75,4.1,5
CB,CB One,38,2001,75,75,75,75,75,75,4.1,5
CB,CB Two,38,2001,75,75,75,75,75,75,4.1,5
CB,CB Three,38,2001,75,75,75,75,75,75,4.1,5
CB,CB Four,38,2001,75,75,75,75,75,75,4.1,5
CB,CB Five,38,2001,75,75,75,75,75,75,4.1,5
DL,DL One,38,2001,75,75,75,75,75,75,4.1,5
DL,DL Two,38,2001,75,75,75,75,75,75,4.1,5
DL,DL Three,38,2001,75,75,75,75,75,75,4.1,5
DL,DL Four,38,2001,75,75,75,75,75,75,4.1,5
DL,DL Five,38,2001,75,75,75,75,75,75,4.1,5
DL,DL Six,38,2001,75,75,75,75,75,75,4.1,5
LB,LB One,38,2001,75,75,75,75,75,75,4.1,5
LB,LB Two,38,2001,75,75,75,75,75,75,4.1,5
LB,LB Three,38,2001,75,75,75,75,75,75,4.1,5
LB,LB Four,38,2001,75,75,75,75,75,75,4.1,5
LB,LB Five,38,2001,75,75,75,75,75,75,4.1,5
LB,LB Six,38,2001,75,75,75,75,75,75,4.1,5
END_PLAYERS
######################################################################  BILLS
Buffalo Bills,BUF
QB,QB One,38,2001,75,75,75,75,75,75,4.1,5
QB,QB Two,38,2001,75,75,75,75,75,75,4.1,5
RB,RB One,38,2001,75,75,75,75,75,75,4.1,5
RB,RB Two,38,2001,75,75,75,75,75,75,4.1,5
RB,RB Three,38,2001,75,75,75,75,75,75,4.1,5
RB,RB Four,38,2001,75,75,75,75,75,75,4.1,5
WR,WR One,38,2001,75,75,75,75,75,75,4.1,5
WR,WR Two,38,2001,75,75,75,75,75,75,4.1,5
WR,WR Three,38,2001,75,75,75,75,75,75,4.1,5
WR,WR Four,38,2001,75,75,75,75,75,75,4.1,5
WR,WR Five,38,2001,75,75,75,75,75,75,4.1,5
WR,WR Six,38,2001,75,75,75,75,75,75,4.1,5
OL,OL One,38,2001,75,75,75,75,75,75,4.1,5
OL,OL Two,38,2001,75,75,75,75,75,75,4.1,5
OL,OL Three,38,2001,75,75,75,75,75,75,4.1,5
OL,OL Four,38,2001,75,75,75,75,75,75,4.1,5
OL,OL Five,38,2001,75,75,75,75,75,75,4.1,5
OL,OL Six,38,2001,75,75,75,75,75,75,4.1,5
OL,OL Seven,38,2001,75,75,75,75,75,75,4.1,5
K,K One,38,2001,75,75,75,75,75,75,4.1,5
K,K Two,38,2001,75,75,75,75,75,75,4.1,5
S,S One,38,2001,75,75,75,75,75,75,4.1,5
S,S Two,38,2001,75,75,75,75,75,75,4.1,5
CB,CB One,38,2001,75,75,75,75,75,75,4.1,5
CB,CB Two,38,2001,75,75,75,75,75,75,4.1,5
CB,CB Three,38,2001,75,75,75,75,75,75,4.1,5
CB,CB Four,38,2001,75,75,75,75,75,75,4.1,5
CB,CB Five,38,2001,75,75,75,75,75,75,4.1,5
DL,DL One,38,2001,75,75,75,75,75,75,4.1,5
DL,DL Two,38,2001,75,75,75,75,75,75,4.1,5
DL,DL Three,38,2001,75,75,75,75,75,75,4.1,5
DL,DL Four,38,2001,75,75,75,75,75,75,4.1,5
DL,DL Five,38,2001,75,75,75,75,75,75,4.1,5
DL,DL Six,38,2001,75,75,75,75,75,75,4.1,5
LB,LB One,38,2001,75,75,75,75,75,75,4.1,5
LB,LB Two,38,2001,75,75,75,75,75,75,4.1,5
LB,LB Three,38,2001,75,75,75,75,75,75,4.1,5
LB,LB Four,38,2001,75,75,75,75,75,75,4.1,5
LB,LB Five,38,2001,75,75,75,75,75,75,4.1,5
LB,LB Six,38,2001,75,75,75,75,75,75,4.1,5
END_PLAYERS
######################################################################  DOLPHINS
Miami Dolphins,MIA
QB,QB One,38,2001,75,75,75,75,75,75,4.1,5
QB,QB Two,38,2001,75,75,75,75,75,75,4.1,5
RB,RB One,38,2001,75,75,75,75,75,75,4.1,5
RB,RB Two,38,2001,75,75,75,75,75,75,4.1,5
RB,RB Three,38,2001,75,75,75,75,75,75,4.1,5
RB,RB Four,38,2001,75,75,75,75,75,75,4.1,5
WR,WR One,38,2001,75,75,75,75,75,75,4.1,5
WR,WR Two,38,2001,75,75,75,75,75,75,4.1,5
WR,WR Three,38,2001,75,75,75,75,75,75,4.1,5
WR,WR Four,38,2001,75,75,75,75,75,75,4.1,5
WR,WR Five,38,2001,75,75,75,75,75,75,4.1,5
WR,WR Six,38,2001,75,75,75,75,75,75,4.1,5
OL,OL One,38,2001,75,75,75,75,75,75,4.1,5
OL,OL Two,38,2001,75,75,75,75,75,75,4.1,5
OL,OL Three,38,2001,75,75,75,75,75,75,4.1,5
OL,OL Four,38,2001,75,75,75,75,75,75,4.1,5
OL,OL Five,38,2001,75,75,75,75,75,75,4.1,5
OL,OL Six,38,2001,75,75,75,75,75,75,4.1,5
OL,OL Seven,38,2001,75,75,75,75,75,75,4.1,5
K,K One,38,2001,75,75,75,75,75,75,4.1,5
K,K Two,38,2001,75,75,75,75,75,75,4.1,5
S,S One,38,2001,75,75,75,75,75,75,4.1,5
S,S Two,38,2001,75,75,75,75,75,75,4.1,5
CB,CB One,38,2001,75,75,75,75,75,75,4.1,5
CB,CB Two,38,2001,75,75,75,75,75,75,4.1,5
CB,CB Three,38,2001,75,75,75,75,75,75,4.1,5
CB,CB Four,38,2001,75,75,75,75,75,75,4.1,5
CB,CB Five,38,2001,75,75,75,75,75,75,4.1,5
DL,DL One,38,2001,75,75,75,75,75,75,4.1,5
DL,DL Two,38,2001,75,75,75,75,75,75,4.1,5
DL,DL Three,38,2001,75,75,75,75,75,75,4.1,5
DL,DL Four,38,2001,75,75,75,75,75,75,4.1,5
DL,DL Five,38,2001,75,75,75,75,75,75,4.1,5
DL,DL Six,38,2001,75,75,75,75,75,75,4.1,5
LB,LB One,38,2001,75,75,75,75,75,75,4.1,5
LB,LB Two,38,2001,75,75,75,75,75,75,4.1,5
LB,LB Three,38,2001,75,75,75,75,75,75,4.1,5
LB,LB Four,38,2001,75,75,75,75,75,75,4.1,5
LB,LB Five,38,2001,75,75,75,75,75,75,4.1,5
LB,LB Six,38,2001,75,75,75,75,75,75,4.1,5
END_PLAYERS
######################################################################  PATRIOTS
New England Patriots,NE
QB,QB One,38,2001,75,75,75,75,75,75,4.1,5
QB,QB Two,38,2001,75,75,75,75,75,75,4.1,5
RB,RB One,38,2001,75,75,75,75,75,75,4.1,5
RB,RB Two,38,2001,75,75,75,75,75,75,4.1,5
RB,RB Three,38,2001,75,75,75,75,75,75,4.1,5
RB,RB Four,38,2001,75,75,75,75,75,75,4.1,5
WR,WR One,38,2001,75,75,75,75,75,75,4.1,5
WR,WR Two,38,2001,75,75,75,75,75,75,4.1,5
WR,WR Three,38,2001,75,75,75,75,75,75,4.1,5
WR,WR Four,38,2001,75,75,75,75,75,75,4.1,5
WR,WR Five,38,2001,75,75,75,75,75,75,4.1,5
WR,WR Six,38,2001,75,75,75,75,75,75,4.1,5
OL,OL One,38,2001,75,75,75,75,75,75,4.1,5
OL,OL Two,38,2001,75,75,75,75,75,75,4.1,5
OL,OL Three,38,2001,75,75,75,75,75,75,4.1,5
OL,OL Four,38,2001,75,75,75,75,75,75,4.1,5
OL,OL Five,38,2001,75,75,75,75,75,75,4.1,5
OL,OL Six,38,2001,75,75,75,75,75,75,4.1,5
OL,OL Seven,38,2001,75,75,75,75,75,75,4.1,5
K,K One,38,2001,75,75,75,75,75,75,4.1,5
K,K Two,38,2001,75,75,75,75,75,75,4.1,5
S,S One,38,2001,75,75,75,75,75,75,4.1,5
S,S Two,38,2001,75,75,75,75,75,75,4.1,5
CB,CB One,38,2001,75,75,75,75,75,75,4.1,5
CB,CB Two,38,2001,75,75,75,75,75,75,4.1,5
CB,CB Three,38,2001,75,75,75,75,75,75,4.1,5
CB,CB Four,38,2001,75,75,75,75,75,75,4.1,5
CB,CB Five,38,2001,75,75,75,75,75,75,4.1,5
DL,DL One,38,2001,75,75,75,75,75,75,4.1,5
DL,DL Two,38,2001,75,75,75,75,75,75,4.1,5
DL,DL Three,38,2001,75,75,75,75,75,75,4.1,5
DL,DL Four,38,2001,75,75,75,75,75,75,4.1,5
DL,DL Five,38,2001,75,75,75,75,75,75,4.1,5
DL,DL Six,38,2001,75,75,75,75,75,75,4.1,5
LB,LB One,38,2001,75,75,75,75,75,75,4.1,5
LB,LB Two,38,2001,75,75,75,75,75,75,4.1,5
LB,LB Three,38,2001,75,75,75,75,75,75,4.1,5
LB,LB Four,38,2001,75,75,75,75,75,75,4.1,5
LB,LB Five,38,2001,75,75,75,75,75,75,4.1,5
LB,LB Six,38,2001,75,75,75,75,75,75,4.1,5
END_PLAYERS
######################################################################  JETS
New York Jets,NYJ
QB,QB One,38,2001,75,75,75,75,75,75,4.1,5
QB,QB Two,38,2001,75,75,75,75,75,75,4.1,5
RB,RB One,38,2001,75,75,75,75,75,75,4.1,5
RB,RB Two,38,2001,75,75,75,75,75,75,4.1,5
RB,RB Three,38,2001,75,75,75,75,75,75,4.1,5
RB,RB Four,38,2001,75,75,75,75,75,75,4.1,5
WR,WR One,38,2001,75,75,75,75,75,75,4.1,5
WR,WR Two,38,2001,75,75,75,75,75,75,4.1,5
WR,WR Three,38,2001,75,75,75,75,75,75,4.1,5
WR,WR Four,38,2001,75,75,75,75,75,75,4.1,5
WR,WR Five,38,2001,75,75,75,75,75,75,4.1,5
WR,WR Six,38,2001,75,75,75,75,75,75,4.1,5
OL,OL One,38,2001,75,75,75,75,75,75,4.1,5
OL,OL Two,38,2001,75,75,75,75,75,75,4.1,5
OL,OL Three,38,2001,75,75,75,75,75,75,4.1,5
OL,OL Four,38,2001,75,75,75,75,75,75,4.1,5
OL,OL Five,38,2001,75,75,75,75,75,75,4.1,5
OL,OL Six,38,2001,75,75,75,75,75,75,4.1,5
OL,OL Seven,38,2001,75,75,75,75,75,75,4.1,5
K,K One,38,2001,75,75,75,75,75,75,4.1,5
K,K Two,38,2001,75,75,75,75,75,75,4.1,5
S,S One,38,2001,75,75,75,75,75,75,4.1,5
S,S Two,38,2001,75,75,75,75,75,75,4.1,5
CB,CB One,38,2001,75,75,75,75,75,75,4.1,5
CB,CB Two,38,2001,75,75,75,75,75,75,4.1,5
CB,CB Three,38,2001,75,75,75,75,75,75,4.1,5
CB,CB Four,38,2001,75,75,75,75,75,75,4.1,5
CB,CB Five,38,2001,75,75,75,75,75,75,4.1,5
DL,DL One,38,2001,75,75,75,75,75,75,4.1,5
DL,DL Two,38,2001,75,75,75,75,75,75,4.1,5
DL,DL Three,38,2001,75,75,75,75,75,75,4.1,5
DL,DL Four,38,2001,75,75,75,75,75,75,4.1,5
DL,DL Five,38,2001,75,75,75,75,75,75,4.1,5
DL,DL Six,38,2001,75,75,75,75,75,75,4.1,5
LB,LB One,38,2001,75,75,75,75,75,75,4.1,5
LB,LB Two,38,2001,75,75,75,75,75,75,4.1,5
LB,LB Three,38,2001,75,75,75,75,75,75,4.1,5
LB,LB Four,38,2001,75,75,75,75,75,75,4.1,5
LB,LB Five,38,2001,75,75,75,75,75,75,4.1,5
LB,LB Six,38,2001,75,75,75,75,75,75,4.1,5
END_PLAYERS
######################################################################  TEXANS
Houston Texans,HOU
QB,QB One,38,2001,75,75,75,75,75,75,4.1,5
QB,QB Two,38,2001,75,75,75,75,75,75,4.1,5
RB,RB One,38,2001,75,75,75,75,75,75,4.1,5
RB,RB Two,38,2001,75,75,75,75,75,75,4.1,5
RB,RB Three,38,2001,75,75,75,75,75,75,4.1,5
RB,RB Four,38,2001,75,75,75,75,75,75,4.1,5
WR,WR One,38,2001,75,75,75,75,75,75,4.1,5
WR,WR Two,38,2001,75,75,75,75,75,75,4.1,5
WR,WR Three,38,2001,75,75,75,75,75,75,4.1,5
WR,WR Four,38,2001,75,75,75,75,75,75,4.1,5
WR,WR Five,38,2001,75,75,75,75,75,75,4.1,5
WR,WR Six,38,2001,75,75,75,75,75,75,4.1,5
OL,OL One,38,2001,75,75,75,75,75,75,4.1,5
OL,OL Two,38,2001,75,75,75,75,75,75,4.1,5
OL,OL Three,38,2001,75,75,75,75,75,75,4.1,5
OL,OL Four,38,2001,75,75,75,75,75,75,4.1,5
OL,OL Five,38,2001,75,75,75,75,75,75,4.1,5
OL,OL Six,38,2001,75,75,75,75,75,75,4.1,5
OL,OL Seven,38,2001,75,75,75,75,75,75,4.1,5
K,K One,38,2001,75,75,75,75,75,75,4.1,5
K,K Two,38,2001,75,75,75,75,75,75,4.1,5
S,S One,38,2001,75,75,75,75,75,75,4.1,5
S,S Two,38,2001,75,75,75,75,75,75,4.1,5
CB,CB One,38,2001,75,75,75,75,75,75,4.1,5
CB,CB Two,38,2001,75,75,75,75,75,75,4.1,5
CB,CB Three,38,2001,75,75,75,75,75,75,4.1,5
CB,CB Four,38,2001,75,75,75,75,75,75,4.1,5
CB,CB Five,38,2001,75,75,75,75,75,75,4.1,5
DL,DL One,38,2001,75,75,75,75,75,75,4.1,5
DL,DL Two,38,2001,75,75,75,75,75,75,4.1,5
DL,DL Three,38,2001,75,75,75,75,75,75,4.1,5
DL,DL Four,38,2001,75,75,75,75,75,75,4.1,5
DL,DL Five,38,2001,75,75,75,75,75,75,4.1,5
DL,DL Six,38,2001,75,75,75,75,75,75,4.1,5
LB,LB One,38,2001,75,75,75,75,75,75,4.1,5
LB,LB Two,38,2001,75,75,75,75,75,75,4.1,5
LB,LB Three,38,2001,75,75,75,75,75,75,4.1,5
LB,LB Four,38,2001,75,75,75,75,75,75,4.1,5
LB,LB Five,38,2001,75,75,75,75,75,75,4.1,5
LB,LB Six,38,2001,75,75,75,75,75,75,4.1,5
END_PLAYERS
######################################################################  COLTS
Indianapolis Colts,IND
QB,QB One,38,2001,75,75,75,75,75,75,4.1,5
QB,QB Two,38,2001,75,75,75,75,75,75,4.1,5
RB,RB One,38,2001,75,75,75,75,75,75,4.1,5
RB,RB Two,38,2001,75,75,75,75,75,75,4.1,5
RB,RB Three,38,2001,75,75,75,75,75,75,4.1,5
RB,RB Four,38,2001,75,75,75,75,75,75,4.1,5
WR,WR One,38,2001,75,75,75,75,75,75,4.1,5
WR,WR Two,38,2001,75,75,75,75,75,75,4.1,5
WR,WR Three,38,2001,75,75,75,75,75,75,4.1,5
WR,WR Four,38,2001,75,75,75,75,75,75,4.1,5
WR,WR Five,38,2001,75,75,75,75,75,75,4.1,5
WR,WR Six,38,2001,75,75,75,75,75,75,4.1,5
OL,OL One,38,2001,75,75,75,75,75,75,4.1,5
OL,OL Two,38,2001,75,75,75,75,75,75,4.1,5
OL,OL Three,38,2001,75,75,75,75,75,75,4.1,5
OL,OL Four,38,2001,75,75,75,75,75,75,4.1,5
OL,OL Five,38,2001,75,75,75,75,75,75,4.1,5
OL,OL Six,38,2001,75,75,75,75,75,75,4.1,5
OL,OL Seven,38,2001,75,75,75,75,75,75,4.1,5
K,K One,38,2001,75,75,75,75,75,75,4.1,5
K,K Two,38,2001,75,75,75,75,75,75,4.1,5
S,S One,38,2001,75,75,75,75,75,75,4.1,5
S,S Two,38,2001,75,75,75,75,75,75,4.1,5
CB,CB One,38,2001,75,75,75,75,75,75,4.1,5
CB,CB Two,38,2001,75,75,75,75,75,75,4.1,5
CB,CB Three,38,2001,75,75,75,75,75,75,4.1,5
CB,CB Four,38,2001,75,75,75,75,75,75,4.1,5
CB,CB Five,38,2001,75,75,75,75,75,75,4.1,5
DL,DL One,38,2001,75,75,75,75,75,75,4.1,5
DL,DL Two,38,2001,75,75,75,75,75,75,4.1,5
DL,DL Three,38,2001,75,75,75,75,75,75,4.1,5
DL,DL Four,38,2001,75,75,75,75,75,75,4.1,5
DL,DL Five,38,2001,75,75,75,75,75,75,4.1,5
DL,DL Six,38,2001,75,75,75,75,75,75,4.1,5
LB,LB One,38,2001,75,75,75,75,75,75,4.1,5
LB,LB Two,38,2001,75,75,75,75,75,75,4.1,5
LB,LB Three,38,2001,75,75,75,75,75,75,4.1,5
LB,LB Four,38,2001,75,75,75,75,75,75,4.1,5
LB,LB Five,38,2001,75,75,75,75,75,75,4.1,5
LB,LB Six,38,2001,75,75,75,75,75,75,4.1,5
END_PLAYERS
######################################################################  JAGUARS
Jacksonville Jaguars,JAX
QB,QB One,38,2001,75,75,75,75,75,75,4.1,5
QB,QB Two,38,2001,75,75,75,75,75,75,4.1,5
RB,RB One,38,2001,75,75,75,75,75,75,4.1,5
RB,RB Two,38,2001,75,75,75,75,75,75,4.1,5
RB,RB Three,38,2001,75,75,75,75,75,75,4.1,5
RB,RB Four,38,2001,75,75,75,75,75,75,4.1,5
WR,WR One,38,2001,75,75,75,75,75,75,4.1,5
WR,WR Two,38,2001,75,75,75,75,75,75,4.1,5
WR,WR Three,38,2001,75,75,75,75,75,75,4.1,5
WR,WR Four,38,2001,75,75,75,75,75,75,4.1,5
WR,WR Five,38,2001,75,75,75,75,75,75,4.1,5
WR,WR Six,38,2001,75,75,75,75,75,75,4.1,5
OL,OL One,38,2001,75,75,75,75,75,75,4.1,5
OL,OL Two,38,2001,75,75,75,75,75,75,4.1,5
OL,OL Three,38,2001,75,75,75,75,75,75,4.1,5
OL,OL Four,38,2001,75,75,75,75,75,75,4.1,5
OL,OL Five,38,2001,75,75,75,75,75,75,4.1,5
OL,OL Six,38,2001,75,75,75,75,75,75,4.1,5
OL,OL Seven,38,2001,75,75,75,75,75,75,4.1,5
K,K One,38,2001,75,75,75,75,75,75,4.1,5
K,K Two,38,2001,75,75,75,75,75,75,4.1,5
S,S One,38,2001,75,75,75,75,75,75,4.1,5
S,S Two,38,2001,75,75,75,75,75,75,4.1,5
CB,CB One,38,2001,75,75,75,75,75,75,4.1,5
CB,CB Two,38,2001,75,75,75,75,75,75,4.1,5
CB,CB Three,38,2001,75,75,75,75,75,75,4.1,5
CB,CB Four,38,2001,75,75,75,75,75,75,4.1,5
CB,CB Five,38,2001,75,75,75,75,75,75,4.1,5
DL,DL One,38,2001,75,75,75,75,75,75,4.1,5
DL,DL Two,38,2001,75,75,75,75,75,75,4.1,5
DL,DL Three,38,2001,75,75,75,75,75,75,4.1,5
DL,DL Four,38,2001,75,75,75,75,75,75,4.1,5
DL,DL Five,38,2001,75,75,75,75,75,75,4.1,5
DL,DL Six,38,2001,75,75,75,75,75,75,4.1,5
LB,LB One,38,2001,75,75,75,75,75,75,4.1,5
LB,LB Two,38,2001,75,75,75,75,75,75,4.1,5
LB,LB Three,38,2001,75,75,75,75,75,75,4.1,5
LB,LB Four,38,2001,75,75,75,75,75,75,4.1,5
LB,LB Five,38,2001,75,75,75,75,75,75,4.1,5
LB,LB Six,38,2001,75,75,75,75,75,75,4.1,5
END_PLAYERS
######################################################################  TITANS
Tennessee Titans,TEN
QB,QB One,38,2001,75,75,75,75,75,75,4.1,5
QB,QB Two,38,2001,75,75,75,75,75,75,4.1,5
RB,RB One,38,2001,75,75,75,75,75,75,4.1,5
RB,RB Two,38,2001,75,75,75,75,75,75,4.1,5
RB,RB Three,38,2001,75,75,75,75,75,75,4.1,5
RB,RB Four,38,2001,75,75,75,75,75,75,4.1,5
WR,WR One,38,2001,75,75,75,75,75,75,4.1,5
WR,WR Two,38,2001,75,75,75,75,75,75,4.1,5
WR,WR Three,38,2001,75,75,75,75,75,75,4.1,5
WR,WR Four,38,2001,75,75,75,75,75,75,4.1,5
WR,WR Five,38,2001,75,75,75,75,75,75,4.1,5
WR,WR Six,38,2001,75,75,75,75,75,75,4.1,5
OL,OL One,38,2001,75,75,75,75,75,75,4.1,5
OL,OL Two,38,2001,75,75,75,75,75,75,4.1,5
OL,OL Three,38,2001,75,75,75,75,75,75,4.1,5
OL,OL Four,38,2001,75,75,75,75,75,75,4.1,5
OL,OL Five,38,2001,75,75,75,75,75,75,4.1,5
OL,OL Six,38,2001,75,75,75,75,75,75,4.1,5
OL,OL Seven,38,2001,75,75,75,75,75,75,4.1,5
K,K One,38,2001,75,75,75,75,75,75,4.1,5
K,K Two,38,2001,75,75,75,75,75,75,4.1,5
S,S One,38,2001,75,75,75,75,75,75,4.1,5
S,S Two,38,2001,75,75,75,75,75,75,4.1,5
CB,CB One,38,2001,75,75,75,75,75,75,4.1,5
CB,CB Two,38,2001,75,75,75,75,75,75,4.1,5
CB,CB Three,38,2001,75,75,75,75,75,75,4.1,5
CB,CB Four,38,2001,75,75,75,75,75,75,4.1,5
CB,CB Five,38,2001,75,75,75,75,75,75,4.1,5
DL,DL One,38,2001,75,75,75,75,75,75,4.1,5
DL,DL Two,38,2001,75,75,75,75,75,75,4.1,5
DL,DL Three,38,2001,75,75,75,75,75,75,4.1,5
DL,DL Four,38,2001,75,75,75,75,75,75,4.1,5
DL,DL Five,38,2001,75,75,75,75,75,75,4.1,5
DL,DL Six,38,2001,75,75,75,75,75,75,4.1,5
LB,LB One,38,2001,75,75,75,75,75,75,4.1,5
LB,LB Two,38,2001,75,75,75,75,75,75,4.1,5
LB,LB Three,38,2001,75,75,75,75,75,75,4.1,5
LB,LB Four,38,2001,75,75,75,75,75,75,4.1,5
LB,LB Five,38,2001,75,75,75,75,75,75,4.1,5
LB,LB Six,38,2001,75,75,75,75,75,75,4.1,5
END_PLAYERS
######################################################################  BRONCOS
Denver Broncos,DEN
QB,QB One,38,2001,75,75,75,75,75,75,4.1,5
QB,QB Two,38,2001,75,75,75,75,75,75,4.1,5
RB,RB One,38,2001,75,75,75,75,75,75,4.1,5
RB,RB Two,38,2001,75,75,75,75,75,75,4.1,5
RB,RB Three,38,2001,75,75,75,75,75,75,4.1,5
RB,RB Four,38,2001,75,75,75,75,75,75,4.1,5
WR,WR One,38,2001,75,75,75,75,75,75,4.1,5
WR,WR Two,38,2001,75,75,75,75,75,75,4.1,5
WR,WR Three,38,2001,75,75,75,75,75,75,4.1,5
WR,WR Four,38,2001,75,75,75,75,75,75,4.1,5
WR,WR Five,38,2001,75,75,75,75,75,75,4.1,5
WR,WR Six,38,2001,75,75,75,75,75,75,4.1,5
OL,OL One,38,2001,75,75,75,75,75,75,4.1,5
OL,OL Two,38,2001,75,75,75,75,75,75,4.1,5
OL,OL Three,38,2001,75,75,75,75,75,75,4.1,5
OL,OL Four,38,2001,75,75,75,75,75,75,4.1,5
OL,OL Five,38,2001,75,75,75,75,75,75,4.1,5
OL,OL Six,38,2001,75,75,75,75,75,75,4.1,5
OL,OL Seven,38,2001,75,75,75,75,75,75,4.1,5
K,K One,38,2001,75,75,75,75,75,75,4.1,5
K,K Two,38,2001,75,75,75,75,75,75,4.1,5
S,S One,38,2001,75,75,75,75,75,75,4.1,5
S,S Two,38,2001,75,75,75,75,75,75,4.1,5
CB,CB One,38,2001,75,75,75,75,75,75,4.1,5
CB,CB Two,38,2001,75,75,75,75,75,75,4.1,5
CB,CB Three,38,2001,75,75,75,75,75,75,4.1,5
CB,CB Four,38,2001,75,75,75,75,75,75,4.1,5
CB,CB Five,38,2001,75,75,75,75,75,75,4.1,5
DL,DL One,38,2001,75,75,75,75,75,75,4.1,5
DL,DL Two,38,2001,75,75,75,75,75,75,4.1,5
DL,DL Three,38,2001,75,75,75,75,75,75,4.1,5
DL,DL Four,38,2001,75,75,75,75,75,75,4.1,5
DL,DL Five,38,2001,75,75,75,75,75,75,4.1,5
DL,DL Six,38,2001,75,75,75,75,75,75,4.1,5
LB,LB One,38,2001,75,75,75,75,75,75,4.1,5
LB,LB Two,38,2001,75,75,75,75,75,75,4.1,5
LB,LB Three,38,2001,75,75,75,75,75,75,4.1,5
LB,LB Four,38,2001,75,75,75,75,75,75,4.1,5
LB,LB Five,38,2001,75,75,75,75,75,75,4.1,5
LB,LB Six,38,2001,75,75,75,75,75,75,4.1,5
END_PLAYERS
######################################################################  CHIEFS
Kansas City Chiefs,KC
QB,QB One,38,2001,75,75,75,75,75,75,4.1,5
QB,QB Two,38,2001,75,75,75,75,75,75,4.1,5
RB,RB One,38,2001,75,75,75,75,75,75,4.1,5
RB,RB Two,38,2001,75,75,75,75,75,75,4.1,5
RB,RB Three,38,2001,75,75,75,75,75,75,4.1,5
RB,RB Four,38,2001,75,75,75,75,75,75,4.1,5
WR,WR One,38,2001,75,75,75,75,75,75,4.1,5
WR,WR Two,38,2001,75,75,75,75,75,75,4.1,5
WR,WR Three,38,2001,75,75,75,75,75,75,4.1,5
WR,WR Four,38,2001,75,75,75,75,75,75,4.1,5
WR,WR Five,38,2001,75,75,75,75,75,75,4.1,5
WR,WR Six,38,2001,75,75,75,75,75,75,4.1,5
OL,OL One,38,2001,75,75,75,75,75,75,4.1,5
OL,OL Two,38,2001,75,75,75,75,75,75,4.1,5
OL,OL Three,38,2001,75,75,75,75,75,75,4.1,5
OL,OL Four,38,2001,75,75,75,75,75,75,4.1,5
OL,OL Five,38,2001,75,75,75,75,75,75,4.1,5
OL,OL Six,38,2001,75,75,75,75,75,75,4.1,5
OL,OL Seven,38,2001,75,75,75,75,75,75,4.1,5
K,K One,38,2001,75,75,75,75,75,75,4.1,5
K,K Two,38,2001,75,75,75,75,75,75,4.1,5
S,S One,38,2001,75,75,75,75,75,75,4.1,5
S,S Two,38,2001,75,75,75,75,75,75,4.1,5
CB,CB One,38,2001,75,75,75,75,75,75,4.1,5
CB,CB Two,38,2001,75,75,75,75,75,75,4.1,5
CB,CB Three,38,2001,75,75,75,75,75,75,4.1,5
CB,CB Four,38,2001,75,75,75,75,75,75,4.1,5
CB,CB Five,38,2001,75,75,75,75,75,75,4.1,5
DL,DL One,38,2001,75,75,75,75,75,75,4.1,5
DL,DL Two,38,2001,75,75,75,75,75,75,4.1,5
DL,DL Three,38,2001,75,75,75,75,75,75,4.1,5
DL,DL Four,38,2001,75,75,75,75,75,75,4.1,5
DL,DL Five,38,2001,75,75,75,75,75,75,4.1,5
DL,DL Six,38,2001,75,75,75,75,75,75,4.1,5
LB,LB One,38,2001,75,75,75,75,75,75,4.1,5
LB,LB Two,38,2001,75,75,75,75,75,75,4.1,5
LB,LB Three,38,2001,75,75,75,75,75,75,4.1,5
LB,LB Four,38,2001,75,75,75,75,75,75,4.1,5
LB,LB Five,38,2001,75,75,75,75,75,75,4.1,5
LB,LB Six,38,2001,75,75,75,75,75,75,4.1,5
END_PLAYERS
######################################################################  RAIDERS
Oakland Raiders,OAK
QB,QB One,38,2001,75,75,75,75,75,75,4.1,5
QB,QB Two,38,2001,75,75,75,75,75,75,4.1,5
RB,RB One,38,2001,75,75,75,75,75,75,4.1,5
RB,RB Two,38,2001,75,75,75,75,75,75,4.1,5
RB,RB Three,38,2001,75,75,75,75,75,75,4.1,5
RB,RB Four,38,2001,75,75,75,75,75,75,4.1,5
WR,WR One,38,2001,75,75,75,75,75,75,4.1,5
WR,WR Two,38,2001,75,75,75,75,75,75,4.1,5
WR,WR Three,38,2001,75,75,75,75,75,75,4.1,5
WR,WR Four,38,2001,75,75,75,75,75,75,4.1,5
WR,WR Five,38,2001,75,75,75,75,75,75,4.1,5
WR,WR Six,38,2001,75,75,75,75,75,75,4.1,5
OL,OL One,38,2001,75,75,75,75,75,75,4.1,5
OL,OL Two,38,2001,75,75,75,75,75,75,4.1,5
OL,OL Three,38,2001,75,75,75,75,75,75,4.1,5
OL,OL Four,38,2001,75,75,75,75,75,75,4.1,5
OL,OL Five,38,2001,75,75,75,75,75,75,4.1,5
OL,OL Six,38,2001,75,75,75,75,75,75,4.1,5
OL,OL Seven,38,2001,75,75,75,75,75,75,4.1,5
K,K One,38,2001,75,75,75,75,75,75,4.1,5
K,K Two,38,2001,75,75,75,75,75,75,4.1,5
S,S One,38,2001,75,75,75,75,75,75,4.1,5
S,S Two,38,2001,75,75,75,75,75,75,4.1,5
CB,CB One,38,2001,75,75,75,75,75,75,4.1,5
CB,CB Two,38,2001,75,75,75,75,75,75,4.1,5
CB,CB Three,38,2001,75,75,75,75,75,75,4.1,5
CB,CB Four,38,2001,75,75,75,75,75,75,4.1,5
CB,CB Five,38,2001,75,75,75,75,75,75,4.1,5
DL,DL One,38,2001,75,75,75,75,75,75,4.1,5
DL,DL Two,38,2001,75,75,75,75,75,75,4.1,5
DL,DL Three,38,2001,75,75,75,75,75,75,4.1,5
DL,DL Four,38,2001,75,75,75,75,75,75,4.1,5
DL,DL Five,38,2001,75,75,75,75,75,75,4.1,5
DL,DL Six,38,2001,75,75,75,75,75,75,4.1,5
LB,LB One,38,2001,75,75,75,75,75,75,4.1,5
LB,LB Two,38,2001,75,75,75,75,75,75,4.1,5
LB,LB Three,38,2001,75,75,75,75,75,75,4.1,5
LB,LB Four,38,2001,75,75,75,75,75,75,4.1,5
LB,LB Five,38,2001,75,75,75,75,75,75,4.1,5
LB,LB Six,38,2001,75,75,75,75,75,75,4.1,5
END_PLAYERS
######################################################################  CHARGERS
San Diego Chargers,SD
QB,QB One,38,2001,75,75,75,75,75,75,4.1,5
QB,QB Two,38,2001,75,75,75,75,75,75,4.1,5
RB,RB One,38,2001,75,75,75,75,75,75,4.1,5
RB,RB Two,38,2001,75,75,75,75,75,75,4.1,5
RB,RB Three,38,2001,75,75,75,75,75,75,4.1,5
RB,RB Four,38,2001,75,75,75,75,75,75,4.1,5
WR,WR One,38,2001,75,75,75,75,75,75,4.1,5
WR,WR Two,38,2001,75,75,75,75,75,75,4.1,5
WR,WR Three,38,2001,75,75,75,75,75,75,4.1,5
WR,WR Four,38,2001,75,75,75,75,75,75,4.1,5
WR,WR Five,38,2001,75,75,75,75,75,75,4.1,5
WR,WR Six,38,2001,75,75,75,75,75,75,4.1,5
OL,OL One,38,2001,75,75,75,75,75,75,4.1,5
OL,OL Two,38,2001,75,75,75,75,75,75,4.1,5
OL,OL Three,38,2001,75,75,75,75,75,75,4.1,5
OL,OL Four,38,2001,75,75,75,75,75,75,4.1,5
OL,OL Five,38,2001,75,75,75,75,75,75,4.1,5
OL,OL Six,38,2001,75,75,75,75,75,75,4.1,5
OL,OL Seven,38,2001,75,75,75,75,75,75,4.1,5
K,K One,38,2001,75,75,75,75,75,75,4.1,5
K,K Two,38,2001,75,75,75,75,75,75,4.1,5
S,S One,38,2001,75,75,75,75,75,75,4.1,5
S,S Two,38,2001,75,75,75,75,75,75,4.1,5
CB,CB One,38,2001,75,75,75,75,75,75,4.1,5
CB,CB Two,38,2001,75,75,75,75,75,75,4.1,5
CB,CB Three,38,2001,75,75,75,75,75,75,4.1,5
CB,CB Four,38,2001,75,75,75,75,75,75,4.1,5
CB,CB Five,38,2001,75,75,75,75,75,75,4.1,5
DL,DL One,38,2001,75,75,75,75,75,75,4.1,5
DL,DL Two,38,2001,75,75,75,75,75,75,4.1,5
DL,DL Three,38,2001,75,75,75,75,75,75,4.1,5
DL,DL Four,38,2001,75,75,75,75,75,75,4.1,5
DL,DL Five,38,2001,75,75,75,75,75,75,4.1,5
DL,DL Six,38,2001,75,75,75,75,75,75,4.1,5
LB,LB One,38,2001,75,75,75,75,75,75,4.1,5
LB,LB Two,38,2001,75,75,75,75,75,75,4.1,5
LB,LB Three,38,2001,75,75,75,75,75,75,4.1,5
LB,LB Four,38,2001,75,75,75,75,75,75,4.1,5
LB,LB Five,38,2001,75,75,75,75,75,75,4.1,5
LB,LB Six,38,2001,75,75,75,75,75,75,4.1,5
END_PLAYERS
######################################################################  BEARS
Chicago Bears,CHI
QB,QB One,38,2001,75,75,75,75,75,75,4.1,5
QB,QB Two,38,2001,75,75,75,75,75,75,4.1,5
RB,RB One,38,2001,75,75,75,75,75,75,4.1,5
RB,RB Two,38,2001,75,75,75,75,75,75,4.1,5
RB,RB Three,38,2001,75,75,75,75,75,75,4.1,5
RB,RB Four,38,2001,75,75,75,75,75,75,4.1,5
WR,WR One,38,2001,75,75,75,75,75,75,4.1,5
WR,WR Two,38,2001,75,75,75,75,75,75,4.1,5
WR,WR Three,38,2001,75,75,75,75,75,75,4.1,5
WR,WR Four,38,2001,75,75,75,75,75,75,4.1,5
WR,WR Five,38,2001,75,75,75,75,75,75,4.1,5
WR,WR Six,38,2001,75,75,75,75,75,75,4.1,5
OL,OL One,38,2001,75,75,75,75,75,75,4.1,5
OL,OL Two,38,2001,75,75,75,75,75,75,4.1,5
OL,OL Three,38,2001,75,75,75,75,75,75,4.1,5
OL,OL Four,38,2001,75,75,75,75,75,75,4.1,5
OL,OL Five,38,2001,75,75,75,75,75,75,4.1,5
OL,OL Six,38,2001,75,75,75,75,75,75,4.1,5
OL,OL Seven,38,2001,75,75,75,75,75,75,4.1,5
K,K One,38,2001,75,75,75,75,75,75,4.1,5
K,K Two,38,2001,75,75,75,75,75,75,4.1,5
S,S One,38,2001,75,75,75,75,75,75,4.1,5
S,S Two,38,2001,75,75,75,75,75,75,4.1,5
CB,CB One,38,2001,75,75,75,75,75,75,4.1,5
CB,CB Two,38,2001,75,75,75,75,75,75,4.1,5
CB,CB Three,38,2001,75,75,75,75,75,75,4.1,5
CB,CB Four,38,2001,75,75,75,75,75,75,4.1,5
CB,CB Five,38,2001,75,75,75,75,75,75,4.1,5
DL,DL One,38,2001,75,75,75,75,75,75,4.1,5
DL,DL Two,38,2001,75,75,75,75,75,75,4.1,5
DL,DL Three,38,2001,75,75,75,75,75,75,4.1,5
DL,DL Four,38,2001,75,75,75,75,75,75,4.1,5
DL,DL Five,38,2001,75,75,75,75,75,75,4.1,5
DL,DL Six,38,2001,75,75,75,75,75,75,4.1,5
LB,LB One,38,2001,75,75,75,75,75,75,4.1,5
LB,LB Two,38,2001,75,75,75,75,75,75,4.1,5
LB,LB Three,38,2001,75,75,75,75,75,75,4.1,5
LB,LB Four,38,2001,75,75,75,75,75,75,4.1,5
LB,LB Five,38,2001,75,75,75,75,75,75,4.1,5
LB,LB Six,38,2001,75,75,75,75,75,75,4.1,5
END_PLAYERS
######################################################################  LIONS
Detroit Lions,DET
QB,QB One,38,2001,75,75,75,75,75,75,4.1,5
QB,QB Two,38,2001,75,75,75,75,75,75,4.1,5
RB,RB One,38,2001,75,75,75,75,75,75,4.1,5
RB,RB Two,38,2001,75,75,75,75,75,75,4.1,5
RB,RB Three,38,2001,75,75,75,75,75,75,4.1,5
RB,RB Four,38,2001,75,75,75,75,75,75,4.1,5
WR,WR One,38,2001,75,75,75,75,75,75,4.1,5
WR,WR Two,38,2001,75,75,75,75,75,75,4.1,5
WR,WR Three,38,2001,75,75,75,75,75,75,4.1,5
WR,WR Four,38,2001,75,75,75,75,75,75,4.1,5
WR,WR Five,38,2001,75,75,75,75,75,75,4.1,5
WR,WR Six,38,2001,75,75,75,75,75,75,4.1,5
OL,OL One,38,2001,75,75,75,75,75,75,4.1,5
OL,OL Two,38,2001,75,75,75,75,75,75,4.1,5
OL,OL Three,38,2001,75,75,75,75,75,75,4.1,5
OL,OL Four,38,2001,75,75,75,75,75,75,4.1,5
OL,OL Five,38,2001,75,75,75,75,75,75,4.1,5
OL,OL Six,38,2001,75,75,75,75,75,75,4.1,5
OL,OL Seven,38,2001,75,75,75,75,75,75,4.1,5
K,K One,38,2001,75,75,75,75,75,75,4.1,5
K,K Two,38,2001,75,75,75,75,75,75,4.1,5
S,S One,38,2001,75,75,75,75,75,75,4.1,5
S,S Two,38,2001,75,75,75,75,75,75,4.1,5
CB,CB One,38,2001,75,75,75,75,75,75,4.1,5
CB,CB Two,38,2001,75,75,75,75,75,75,4.1,5
CB,CB Three,38,2001,75,75,75,75,75,75,4.1,5
CB,CB Four,38,2001,75,75,75,75,75,75,4.1,5
CB,CB Five,38,2001,75,75,75,75,75,75,4.1,5
DL,DL One,38,2001,75,75,75,75,75,75,4.1,5
DL,DL Two,38,2001,75,75,75,75,75,75,4.1,5
DL,DL Three,38,2001,75,75,75,75,75,75,4.1,5
DL,DL Four,38,2001,75,75,75,75,75,75,4.1,5
DL,DL Five,38,2001,75,75,75,75,75,75,4.1,5
DL,DL Six,38,2001,75,75,75,75,75,75,4.1,5
LB,LB One,38,2001,75,75,75,75,75,75,4.1,5
LB,LB Two,38,2001,75,75,75,75,75,75,4.1,5
LB,LB Three,38,2001,75,75,75,75,75,75,4.1,5
LB,LB Four,38,2001,75,75,75,75,75,75,4.1,5
LB,LB Five,38,2001,75,75,75,75,75,75,4.1,5
LB,LB Six,38,2001,75,75,75,75,75,75,4.1,5
END_PLAYERS
######################################################################  PACKERS
Green Bay Packers,GB
QB,QB One,38,2001,75,75,75,75,75,75,4.1,5
QB,QB Two,38,2001,75,75,75,75,75,75,4.1,5
RB,RB One,38,2001,75,75,75,75,75,75,4.1,5
RB,RB Two,38,2001,75,75,75,75,75,75,4.1,5
RB,RB Three,38,2001,75,75,75,75,75,75,4.1,5
RB,RB Four,38,2001,75,75,75,75,75,75,4.1,5
WR,WR One,38,2001,75,75,75,75,75,75,4.1,5
WR,WR Two,38,2001,75,75,75,75,75,75,4.1,5
WR,WR Three,38,2001,75,75,75,75,75,75,4.1,5
WR,WR Four,38,2001,75,75,75,75,75,75,4.1,5
WR,WR Five,38,2001,75,75,75,75,75,75,4.1,5
WR,WR Six,38,2001,75,75,75,75,75,75,4.1,5
OL,OL One,38,2001,75,75,75,75,75,75,4.1,5
OL,OL Two,38,2001,75,75,75,75,75,75,4.1,5
OL,OL Three,38,2001,75,75,75,75,75,75,4.1,5
OL,OL Four,38,2001,75,75,75,75,75,75,4.1,5
OL,OL Five,38,2001,75,75,75,75,75,75,4.1,5
OL,OL Six,38,2001,75,75,75,75,75,75,4.1,5
OL,OL Seven,38,2001,75,75,75,75,75,75,4.1,5
K,K One,38,2001,75,75,75,75,75,75,4.1,5
K,K Two,38,2001,75,75,75,75,75,75,4.1,5
S,S One,38,2001,75,75,75,75,75,75,4.1,5
S,S Two,38,2001,75,75,75,75,75,75,4.1,5
CB,CB One,38,2001,75,75,75,75,75,75,4.1,5
CB,CB Two,38,2001,75,75,75,75,75,75,4.1,5
CB,CB Three,38,2001,75,75,75,75,75,75,4.1,5
CB,CB Four,38,2001,75,75,75,75,75,75,4.1,5
CB,CB Five,38,2001,75,75,75,75,75,75,4.1,5
DL,DL One,38,2001,75,75,75,75,75,75,4.1,5
DL,DL Two,38,2001,75,75,75,75,75,75,4.1,5
DL,DL Three,38,2001,75,75,75,75,75,75,4.1,5
DL,DL Four,38,2001,75,75,75,75,75,75,4.1,5
DL,DL Five,38,2001,75,75,75,75,75,75,4.1,5
DL,DL Six,38,2001,75,75,75,75,75,75,4.1,5
LB,LB One,38,2001,75,75,75,75,75,75,4.1,5
LB,LB Two,38,2001,75,75,75,75,75,75,4.1,5
LB,LB Three,38,2001,75,75,75,75,75,75,4.1,5
LB,LB Four,38,2001,75,75,75,75,75,75,4.1,5
LB,LB Five,38,2001,75,75,75,75,75,75,4.1,5
LB,LB Six,38,2001,75,75,75,75,75,75,4.1,5
END_PLAYERS
######################################################################  VIKINGS
Minnesota Vikings,MIN
QB,QB One,38,2001,75,75,75,75,75,75,4.1,5
QB,QB Two,38,2001,75,75,75,75,75,75,4.1,5
RB,RB One,38,2001,75,75,75,75,75,75,4.1,5
RB,RB Two,38,2001,75,75,75,75,75,75,4.1,5
RB,RB Three,38,2001,75,75,75,75,75,75,4.1,5
RB,RB Four,38,2001,75,75,75,75,75,75,4.1,5
WR,WR One,38,2001,75,75,75,75,75,75,4.1,5
WR,WR Two,38,2001,75,75,75,75,75,75,4.1,5
WR,WR Three,38,2001,75,75,75,75,75,75,4.1,5
WR,WR Four,38,2001,75,75,75,75,75,75,4.1,5
WR,WR Five,38,2001,75,75,75,75,75,75,4.1,5
WR,WR Six,38,2001,75,75,75,75,75,75,4.1,5
OL,OL One,38,2001,75,75,75,75,75,75,4.1,5
OL,OL Two,38,2001,75,75,75,75,75,75,4.1,5
OL,OL Three,38,2001,75,75,75,75,75,75,4.1,5
OL,OL Four,38,2001,75,75,75,75,75,75,4.1,5
OL,OL Five,38,2001,75,75,75,75,75,75,4.1,5
OL,OL Six,38,2001,75,75,75,75,75,75,4.1,5
OL,OL Seven,38,2001,75,75,75,75,75,75,4.1,5
K,K One,38,2001,75,75,75,75,75,75,4.1,5
K,K Two,38,2001,75,75,75,75,75,75,4.1,5
S,S One,38,2001,75,75,75,75,75,75,4.1,5
S,S Two,38,2001,75,75,75,75,75,75,4.1,5
CB,CB One,38,2001,75,75,75,75,75,75,4.1,5
CB,CB Two,38,2001,75,75,75,75,75,75,4.1,5
CB,CB Three,38,2001,75,75,75,75,75,75,4.1,5
CB,CB Four,38,2001,75,75,75,75,75,75,4.1,5
CB,CB Five,38,2001,75,75,75,75,75,75,4.1,5
DL,DL One,38,2001,75,75,75,75,75,75,4.1,5
DL,DL Two,38,2001,75,75,75,75,75,75,4.1,5
DL,DL Three,38,2001,75,75,75,75,75,75,4.1,5
DL,DL Four,38,2001,75,75,75,75,75,75,4.1,5
DL,DL Five,38,2001,75,75,75,75,75,75,4.1,5
DL,DL Six,38,2001,75,75,75,75,75,75,4.1,5
LB,LB One,38,2001,75,75,75,75,75,75,4.1,5
LB,LB Two,38,2001,75,75,75,75,75,75,4.1,5
LB,LB Three,38,2001,75,75,75,75,75,75,4.1,5
LB,LB Four,38,2001,75,75,75,75,75,75,4.1,5
LB,LB Five,38,2001,75,75,75,75,75,75,4.1,5
LB,LB Six,38,2001,75,75,75,75,75,75,4.1,5
END_PLAYERS
######################################################################  COWBOYS
Dallas Cowboys,DAL
QB,QB One,38,2001,75,75,75,75,75,75,4.1,5
QB,QB Two,38,2001,75,75,75,75,75,75,4.1,5
RB,RB One,38,2001,75,75,75,75,75,75,4.1,5
RB,RB Two,38,2001,75,75,75,75,75,75,4.1,5
RB,RB Three,38,2001,75,75,75,75,75,75,4.1,5
RB,RB Four,38,2001,75,75,75,75,75,75,4.1,5
WR,WR One,38,2001,75,75,75,75,75,75,4.1,5
WR,WR Two,38,2001,75,75,75,75,75,75,4.1,5
WR,WR Three,38,2001,75,75,75,75,75,75,4.1,5
WR,WR Four,38,2001,75,75,75,75,75,75,4.1,5
WR,WR Five,38,2001,75,75,75,75,75,75,4.1,5
WR,WR Six,38,2001,75,75,75,75,75,75,4.1,5
OL,OL One,38,2001,75,75,75,75,75,75,4.1,5
OL,OL Two,38,2001,75,75,75,75,75,75,4.1,5
OL,OL Three,38,2001,75,75,75,75,75,75,4.1,5
OL,OL Four,38,2001,75,75,75,75,75,75,4.1,5
OL,OL Five,38,2001,75,75,75,75,75,75,4.1,5
OL,OL Six,38,2001,75,75,75,75,75,75,4.1,5
OL,OL Seven,38,2001,75,75,75,75,75,75,4.1,5
K,K One,38,2001,75,75,75,75,75,75,4.1,5
K,K Two,38,2001,75,75,75,75,75,75,4.1,5
S,S One,38,2001,75,75,75,75,75,75,4.1,5
S,S Two,38,2001,75,75,75,75,75,75,4.1,5
CB,CB One,38,2001,75,75,75,75,75,75,4.1,5
CB,CB Two,38,2001,75,75,75,75,75,75,4.1,5
CB,CB Three,38,2001,75,75,75,75,75,75,4.1,5
CB,CB Four,38,2001,75,75,75,75,75,75,4.1,5
CB,CB Five,38,2001,75,75,75,75,75,75,4.1,5
DL,DL One,38,2001,75,75,75,75,75,75,4.1,5
DL,DL Two,38,2001,75,75,75,75,75,75,4.1,5
DL,DL Three,38,2001,75,75,75,75,75,75,4.1,5
DL,DL Four,38,2001,75,75,75,75,75,75,4.1,5
DL,DL Five,38,2001,75,75,75,75,75,75,4.1,5
DL,DL Six,38,2001,75,75,75,75,75,75,4.1,5
LB,LB One,38,2001,75,75,75,75,75,75,4.1,5
LB,LB Two,38,2001,75,75,75,75,75,75,4.1,5
LB,LB Three,38,2001,75,75,75,75,75,75,4.1,5
LB,LB Four,38,2001,75,75,75,75,75,75,4.1,5
LB,LB Five,38,2001,75,75,75,75,75,75,4.1,5
LB,LB Six,38,2001,75,75,75,75,75,75,4.1,5
END_PLAYERS
######################################################################  GIANTS
New York Giants,NYG
QB,QB One,38,2001,75,75,75,75,75,75,4.1,5
QB,QB Two,38,2001,75,75,75,75,75,75,4.1,5
RB,RB One,38,2001,75,75,75,75,75,75,4.1,5
RB,RB Two,38,2001,75,75,75,75,75,75,4.1,5
RB,RB Three,38,2001,75,75,75,75,75,75,4.1,5
RB,RB Four,38,2001,75,75,75,75,75,75,4.1,5
WR,WR One,38,2001,75,75,75,75,75,75,4.1,5
WR,WR Two,38,2001,75,75,75,75,75,75,4.1,5
WR,WR Three,38,2001,75,75,75,75,75,75,4.1,5
WR,WR Four,38,2001,75,75,75,75,75,75,4.1,5
WR,WR Five,38,2001,75,75,75,75,75,75,4.1,5
WR,WR Six,38,2001,75,75,75,75,75,75,4.1,5
OL,OL One,38,2001,75,75,75,75,75,75,4.1,5
OL,OL Two,38,2001,75,75,75,75,75,75,4.1,5
OL,OL Three,38,2001,75,75,75,75,75,75,4.1,5
OL,OL Four,38,2001,75,75,75,75,75,75,4.1,5
OL,OL Five,38,2001,75,75,75,75,75,75,4.1,5
OL,OL Six,38,2001,75,75,75,75,75,75,4.1,5
OL,OL Seven,38,2001,75,75,75,75,75,75,4.1,5
K,K One,38,2001,75,75,75,75,75,75,4.1,5
K,K Two,38,2001,75,75,75,75,75,75,4.1,5
S,S One,38,2001,75,75,75,75,75,75,4.1,5
S,S Two,38,2001,75,75,75,75,75,75,4.1,5
CB,CB One,38,2001,75,75,75,75,75,75,4.1,5
CB,CB Two,38,2001,75,75,75,75,75,75,4.1,5
CB,CB Three,38,2001,75,75,75,75,75,75,4.1,5
CB,CB Four,38,2001,75,75,75,75,75,75,4.1,5
CB,CB Five,38,2001,75,75,75,75,75,75,4.1,5
DL,DL One,38,2001,75,75,75,75,75,75,4.1,5
DL,DL Two,38,2001,75,75,75,75,75,75,4.1,5
DL,DL Three,38,2001,75,75,75,75,75,75,4.1,5
DL,DL Four,38,2001,75,75,75,75,75,75,4.1,5
DL,DL Five,38,2001,75,75,75,75,75,75,4.1,5
DL,DL Six,38,2001,75,75,75,75,75,75,4.1,5
LB,LB One,38,2001,75,75,75,75,75,75,4.1,5
LB,LB Two,38,2001,75,75,75,75,75,75,4.1,5
LB,LB Three,38,2001,75,75,75,75,75,75,4.1,5
LB,LB Four,38,2001,75,75,75,75,75,75,4.1,5
LB,LB Five,38,2001,75,75,75,75,75,75,4.1,5
LB,LB Six,38,2001,75,75,75,75,75,75,4.1,5
END_PLAYERS
######################################################################  EAGLES
Philadelphia Eagles,PHI
QB,QB One,38,2001,75,75,75,75,75,75,4.1,5
QB,QB Two,38,2001,75,75,75,75,75,75,4.1,5
RB,RB One,38,2001,75,75,75,75,75,75,4.1,5
RB,RB Two,38,2001,75,75,75,75,75,75,4.1,5
RB,RB Three,38,2001,75,75,75,75,75,75,4.1,5
RB,RB Four,38,2001,75,75,75,75,75,75,4.1,5
WR,WR One,38,2001,75,75,75,75,75,75,4.1,5
WR,WR Two,38,2001,75,75,75,75,75,75,4.1,5
WR,WR Three,38,2001,75,75,75,75,75,75,4.1,5
WR,WR Four,38,2001,75,75,75,75,75,75,4.1,5
WR,WR Five,38,2001,75,75,75,75,75,75,4.1,5
WR,WR Six,38,2001,75,75,75,75,75,75,4.1,5
OL,OL One,38,2001,75,75,75,75,75,75,4.1,5
OL,OL Two,38,2001,75,75,75,75,75,75,4.1,5
OL,OL Three,38,2001,75,75,75,75,75,75,4.1,5
OL,OL Four,38,2001,75,75,75,75,75,75,4.1,5
OL,OL Five,38,2001,75,75,75,75,75,75,4.1,5
OL,OL Six,38,2001,75,75,75,75,75,75,4.1,5
OL,OL Seven,38,2001,75,75,75,75,75,75,4.1,5
K,K One,38,2001,75,75,75,75,75,75,4.1,5
K,K Two,38,2001,75,75,75,75,75,75,4.1,5
S,S One,38,2001,75,75,75,75,75,75,4.1,5
S,S Two,38,2001,75,75,75,75,75,75,4.1,5
CB,CB One,38,2001,75,75,75,75,75,75,4.1,5
CB,CB Two,38,2001,75,75,75,75,75,75,4.1,5
CB,CB Three,38,2001,75,75,75,75,75,75,4.1,5
CB,CB Four,38,2001,75,75,75,75,75,75,4.1,5
CB,CB Five,38,2001,75,75,75,75,75,75,4.1,5
DL,DL One,38,2001,75,75,75,75,75,75,4.1,5
DL,DL Two,38,2001,75,75,75,75,75,75,4.1,5
DL,DL Three,38,2001,75,75,75,75,75,75,4.1,5
DL,DL Four,38,2001,75,75,75,75,75,75,4.1,5
DL,DL Five,38,2001,75,75,75,75,75,75,4.1,5
DL,DL Six,38,2001,75,75,75,75,75,75,4.1,5
LB,LB One,38,2001,75,75,75,75,75,75,4.1,5
LB,LB Two,38,2001,75,75,75,75,75,75,4.1,5
LB,LB Three,38,2001,75,75,75,75,75,75,4.1,5
LB,LB Four,38,2001,75,75,75,75,75,75,4.1,5
LB,LB Five,38,2001,75,75,75,75,75,75,4.1,5
LB,LB Six,38,2001,75,75,75,75,75,75,4.1,5
END_PLAYERS
######################################################################  REDSKINS
Washington Redskins,WAS
QB,QB One,38,2001,75,75,75,75,75,75,4.1,5
QB,QB Two,38,2001,75,75,75,75,75,75,4.1,5
RB,RB One,38,2001,75,75,75,75,75,75,4.1,5
RB,RB Two,38,2001,75,75,75,75,75,75,4.1,5
RB,RB Three,38,2001,75,75,75,75,75,75,4.1,5
RB,RB Four,38,2001,75,75,75,75,75,75,4.1,5
WR,WR One,38,2001,75,75,75,75,75,75,4.1,5
WR,WR Two,38,2001,75,75,75,75,75,75,4.1,5
WR,WR Three,38,2001,75,75,75,75,75,75,4.1,5
WR,WR Four,38,2001,75,75,75,75,75,75,4.1,5
WR,WR Five,38,2001,75,75,75,75,75,75,4.1,5
WR,WR Six,38,2001,75,75,75,75,75,75,4.1,5
OL,OL One,38,2001,75,75,75,75,75,75,4.1,5
OL,OL Two,38,2001,75,75,75,75,75,75,4.1,5
OL,OL Three,38,2001,75,75,75,75,75,75,4.1,5
OL,OL Four,38,2001,75,75,75,75,75,75,4.1,5
OL,OL Five,38,2001,75,75,75,75,75,75,4.1,5
OL,OL Six,38,2001,75,75,75,75,75,75,4.1,5
OL,OL Seven,38,2001,75,75,75,75,75,75,4.1,5
K,K One,38,2001,75,75,75,75,75,75,4.1,5
K,K Two,38,2001,75,75,75,75,75,75,4.1,5
S,S One,38,2001,75,75,75,75,75,75,4.1,5
S,S Two,38,2001,75,75,75,75,75,75,4.1,5
CB,CB One,38,2001,75,75,75,75,75,75,4.1,5
CB,CB Two,38,2001,75,75,75,75,75,75,4.1,5
CB,CB Three,38,2001,75,75,75,75,75,75,4.1,5
CB,CB Four,38,2001,75,75,75,75,75,75,4.1,5
CB,CB Five,38,2001,75,75,75,75,75,75,4.1,5
DL,DL One,38,2001,75,75,75,75,75,75,4.1,5
DL,DL Two,38,2001,75,75,75,75,75,75,4.1,5
DL,DL Three,38,2001,75,75,75,75,75,75,4.1,5
DL,DL Four,38,2001,75,75,75,75,75,75,4.1,5
DL,DL Five,38,2001,75,75,75,75,75,75,4.1,5
DL,DL Six,38,2001,75,75,75,75,75,75,4.1,5
LB,LB One,38,2001,75,75,75,75,75,75,4.1,5
LB,LB Two,38,2001,75,75,75,75,75,75,4.1,5
LB,LB Three,38,2001,75,75,75,75,75,75,4.1,5
LB,LB Four,38,2001,75,75,75,75,75,75,4.1,5
LB,LB Five,38,2001,75,75,75,75,75,75,4.1,5
LB,LB Six,38,2001,75,75,75,75,75,75,4.1,5
END_PLAYERS
######################################################################  FALCONS
Atlanta Falcons,ATL
QB,QB One,38,2001,75,75,75,75,75,75,4.1,5
QB,QB Two,38,2001,75,75,75,75,75,75,4.1,5
RB,RB One,38,2001,75,75,75,75,75,75,4.1,5
RB,RB Two,38,2001,75,75,75,75,75,75,4.1,5
RB,RB Three,38,2001,75,75,75,75,75,75,4.1,5
RB,RB Four,38,2001,75,75,75,75,75,75,4.1,5
WR,WR One,38,2001,75,75,75,75,75,75,4.1,5
WR,WR Two,38,2001,75,75,75,75,75,75,4.1,5
WR,WR Three,38,2001,75,75,75,75,75,75,4.1,5
WR,WR Four,38,2001,75,75,75,75,75,75,4.1,5
WR,WR Five,38,2001,75,75,75,75,75,75,4.1,5
WR,WR Six,38,2001,75,75,75,75,75,75,4.1,5
OL,OL One,38,2001,75,75,75,75,75,75,4.1,5
OL,OL Two,38,2001,75,75,75,75,75,75,4.1,5
OL,OL Three,38,2001,75,75,75,75,75,75,4.1,5
OL,OL Four,38,2001,75,75,75,75,75,75,4.1,5
OL,OL Five,38,2001,75,75,75,75,75,75,4.1,5
OL,OL Six,38,2001,75,75,75,75,75,75,4.1,5
OL,OL Seven,38,2001,75,75,75,75,75,75,4.1,5
K,K One,38,2001,75,75,75,75,75,75,4.1,5
K,K Two,38,2001,75,75,75,75,75,75,4.1,5
S,S One,38,2001,75,75,75,75,75,75,4.1,5
S,S Two,38,2001,75,75,75,75,75,75,4.1,5
CB,CB One,38,2001,75,75,75,75,75,75,4.1,5
CB,CB Two,38,2001,75,75,75,75,75,75,4.1,5
CB,CB Three,38,2001,75,75,75,75,75,75,4.1,5
CB,CB Four,38,2001,75,75,75,75,75,75,4.1,5
CB,CB Five,38,2001,75,75,75,75,75,75,4.1,5
DL,DL One,38,2001,75,75,75,75,75,75,4.1,5
DL,DL Two,38,2001,75,75,75,75,75,75,4.1,5
DL,DL Three,38,2001,75,75,75,75,75,75,4.1,5
DL,DL Four,38,2001,75,75,75,75,75,75,4.1,5
DL,DL Five,38,2001,75,75,75,75,75,75,4.1,5
DL,DL Six,38,2001,75,75,75,75,75,75,4.1,5
LB,LB One,38,2001,75,75,75,75,75,75,4.1,5
LB,LB Two,38,2001,75,75,75,75,75,75,4.1,5
LB,LB Three,38,2001,75,75,75,75,75,75,4.1,5
LB,LB Four,38,2001,75,75,75,75,75,75,4.1,5
LB,LB Five,38,2001,75,75,75,75,75,75,4.1,5
LB,LB Six,38,2001,75,75,75,75,75,75,4.1,5
END_PLAYERS
######################################################################  PANTHERS
Carolina Panthers,CAR
QB,QB One,38,2001,75,75,75,75,75,75,4.1,5
QB,QB Two,38,2001,75,75,75,75,75,75,4.1,5
RB,RB One,38,2001,75,75,75,75,75,75,4.1,5
RB,RB Two,38,2001,75,75,75,75,75,75,4.1,5
RB,RB Three,38,2001,75,75,75,75,75,75,4.1,5
RB,RB Four,38,2001,75,75,75,75,75,75,4.1,5
WR,WR One,38,2001,75,75,75,75,75,75,4.1,5
WR,WR Two,38,2001,75,75,75,75,75,75,4.1,5
WR,WR Three,38,2001,75,75,75,75,75,75,4.1,5
WR,WR Four,38,2001,75,75,75,75,75,75,4.1,5
WR,WR Five,38,2001,75,75,75,75,75,75,4.1,5
WR,WR Six,38,2001,75,75,75,75,75,75,4.1,5
OL,OL One,38,2001,75,75,75,75,75,75,4.1,5
OL,OL Two,38,2001,75,75,75,75,75,75,4.1,5
OL,OL Three,38,2001,75,75,75,75,75,75,4.1,5
OL,OL Four,38,2001,75,75,75,75,75,75,4.1,5
OL,OL Five,38,2001,75,75,75,75,75,75,4.1,5
OL,OL Six,38,2001,75,75,75,75,75,75,4.1,5
OL,OL Seven,38,2001,75,75,75,75,75,75,4.1,5
K,K One,38,2001,75,75,75,75,75,75,4.1,5
K,K Two,38,2001,75,75,75,75,75,75,4.1,5
S,S One,38,2001,75,75,75,75,75,75,4.1,5
S,S Two,38,2001,75,75,75,75,75,75,4.1,5
CB,CB One,38,2001,75,75,75,75,75,75,4.1,5
CB,CB Two,38,2001,75,75,75,75,75,75,4.1,5
CB,CB Three,38,2001,75,75,75,75,75,75,4.1,5
CB,CB Four,38,2001,75,75,75,75,75,75,4.1,5
CB,CB Five,38,2001,75,75,75,75,75,75,4.1,5
DL,DL One,38,2001,75,75,75,75,75,75,4.1,5
DL,DL Two,38,2001,75,75,75,75,75,75,4.1,5
DL,DL Three,38,2001,75,75,75,75,75,75,4.1,5
DL,DL Four,38,2001,75,75,75,75,75,75,4.1,5
DL,DL Five,38,2001,75,75,75,75,75,75,4.1,5
DL,DL Six,38,2001,75,75,75,75,75,75,4.1,5
LB,LB One,38,2001,75,75,75,75,75,75,4.1,5
LB,LB Two,38,2001,75,75,75,75,75,75,4.1,5
LB,LB Three,38,2001,75,75,75,75,75,75,4.1,5
LB,LB Four,38,2001,75,75,75,75,75,75,4.1,5
LB,LB Five,38,2001,75,75,75,75,75,75,4.1,5
LB,LB Six,38,2001,75,75,75,75,75,75,4.1,5
END_PLAYERS
######################################################################  SAINTS
New Orleans Saints,NO
QB,QB One,38,2001,75,75,75,75,75,75,4.1,5
QB,QB Two,38,2001,75,75,75,75,75,75,4.1,5
RB,RB One,38,2001,75,75,75,75,75,75,4.1,5
RB,RB Two,38,2001,75,75,75,75,75,75,4.1,5
RB,RB Three,38,2001,75,75,75,75,75,75,4.1,5
RB,RB Four,38,2001,75,75,75,75,75,75,4.1,5
WR,WR One,38,2001,75,75,75,75,75,75,4.1,5
WR,WR Two,38,2001,75,75,75,75,75,75,4.1,5
WR,WR Three,38,2001,75,75,75,75,75,75,4.1,5
WR,WR Four,38,2001,75,75,75,75,75,75,4.1,5
WR,WR Five,38,2001,75,75,75,75,75,75,4.1,5
WR,WR Six,38,2001,75,75,75,75,75,75,4.1,5
OL,OL One,38,2001,75,75,75,75,75,75,4.1,5
OL,OL Two,38,2001,75,75,75,75,75,75,4.1,5
OL,OL Three,38,2001,75,75,75,75,75,75,4.1,5
OL,OL Four,38,2001,75,75,75,75,75,75,4.1,5
OL,OL Five,38,2001,75,75,75,75,75,75,4.1,5
OL,OL Six,38,2001,75,75,75,75,75,75,4.1,5
OL,OL Seven,38,2001,75,75,75,75,75,75,4.1,5
K,K One,38,2001,75,75,75,75,75,75,4.1,5
K,K Two,38,2001,75,75,75,75,75,75,4.1,5
S,S One,38,2001,75,75,75,75,75,75,4.1,5
S,S Two,38,2001,75,75,75,75,75,75,4.1,5
CB,CB One,38,2001,75,75,75,75,75,75,4.1,5
CB,CB Two,38,2001,75,75,75,75,75,75,4.1,5
CB,CB Three,38,2001,75,75,75,75,75,75,4.1,5
CB,CB Four,38,2001,75,75,75,75,75,75,4.1,5
CB,CB Five,38,2001,75,75,75,75,75,75,4.1,5
DL,DL One,38,2001,75,75,75,75,75,75,4.1,5
DL,DL Two,38,2001,75,75,75,75,75,75,4.1,5
DL,DL Three,38,2001,75,75,75,75,75,75,4.1,5
DL,DL Four,38,2001,75,75,75,75,75,75,4.1,5
DL,DL Five,38,2001,75,75,75,75,75,75,4.1,5
DL,DL Six,38,2001,75,75,75,75,75,75,4.1,5
LB,LB One,38,2001,75,75,75,75,75,75,4.1,5
LB,LB Two,38,2001,75,75,75,75,75,75,4.1,5
LB,LB Three,38,2001,75,75,75,75,75,75,4.1,5
LB,LB Four,38,2001,75,75,75,75,75,75,4.1,5
LB,LB Five,38,2001,75,75,75,75,75,75,4.1,5
LB,LB Six,38,2001,75,75,75,75,75,75,4.1,5
END_PLAYERS
######################################################################  BUCCANEERS
Tampa Bay Buccaneers,TB
QB,QB One,38,2001,75,75,75,75,75,75,4.1,5
QB,QB Two,38,2001,75,75,75,75,75,75,4.1,5
RB,RB One,38,2001,75,75,75,75,75,75,4.1,5
RB,RB Two,38,2001,75,75,75,75,75,75,4.1,5
RB,RB Three,38,2001,75,75,75,75,75,75,4.1,5
RB,RB Four,38,2001,75,75,75,75,75,75,4.1,5
WR,WR One,38,2001,75,75,75,75,75,75,4.1,5
WR,WR Two,38,2001,75,75,75,75,75,75,4.1,5
WR,WR Three,38,2001,75,75,75,75,75,75,4.1,5
WR,WR Four,38,2001,75,75,75,75,75,75,4.1,5
WR,WR Five,38,2001,75,75,75,75,75,75,4.1,5
WR,WR Six,38,2001,75,75,75,75,75,75,4.1,5
OL,OL One,38,2001,75,75,75,75,75,75,4.1,5
OL,OL Two,38,2001,75,75,75,75,75,75,4.1,5
OL,OL Three,38,2001,75,75,75,75,75,75,4.1,5
OL,OL Four,38,2001,75,75,75,75,75,75,4.1,5
OL,OL Five,38,2001,75,75,75,75,75,75,4.1,5
OL,OL Six,38,2001,75,75,75,75,75,75,4.1,5
OL,OL Seven,38,2001,75,75,75,75,75,75,4.1,5
K,K One,38,2001,75,75,75,75,75,75,4.1,5
K,K Two,38,2001,75,75,75,75,75,75,4.1,5
S,S One,38,2001,75,75,75,75,75,75,4.1,5
S,S Two,38,2001,75,75,75,75,75,75,4.1,5
CB,CB One,38,2001,75,75,75,75,75,75,4.1,5
CB,CB Two,38,2001,75,75,75,75,75,75,4.1,5
CB,CB Three,38,2001,75,75,75,75,75,75,4.1,5
CB,CB Four,38,2001,75,75,75,75,75,75,4.1,5
CB,CB Five,38,2001,75,75,75,75,75,75,4.1,5
DL,DL One,38,2001,75,75,75,75,75,75,4.1,5
DL,DL Two,38,2001,75,75,75,75,75,75,4.1,5
DL,DL Three,38,2001,75,75,75,75,75,75,4.1,5
DL,DL Four,38,2001,75,75,75,75,75,75,4.1,5
DL,DL Five,38,2001,75,75,75,75,75,75,4.1,5
DL,DL Six,38,2001,75,75,75,75,75,75,4.1,5
LB,LB One,38,2001,75,75,75,75,75,75,4.1,5
LB,LB Two,38,2001,75,75,75,75,75,75,4.1,5
LB,LB Three,38,2001,75,75,75,75,75,75,4.1,5
LB,LB Four,38,2001,75,75,75,75,75,75,4.1,5
LB,LB Five,38,2001,75,75,75,75,75,75,4.1,5
LB,LB Six,38,2001,75,75,75,75,75,75,4.1,5
END_PLAYERS
######################################################################  CARDINALS
Arizona Cardinals,ARZ
QB,QB One,38,2001,75,75,75,75,75,75,4.1,5
QB,QB Two,38,2001,75,75,75,75,75,75,4.1,5
RB,RB One,38,2001,75,75,75,75,75,75,4.1,5
RB,RB Two,38,2001,75,75,75,75,75,75,4.1,5
RB,RB Three,38,2001,75,75,75,75,75,75,4.1,5
RB,RB Four,38,2001,75,75,75,75,75,75,4.1,5
WR,WR One,38,2001,75,75,75,75,75,75,4.1,5
WR,WR Two,38,2001,75,75,75,75,75,75,4.1,5
WR,WR Three,38,2001,75,75,75,75,75,75,4.1,5
WR,WR Four,38,2001,75,75,75,75,75,75,4.1,5
WR,WR Five,38,2001,75,75,75,75,75,75,4.1,5
WR,WR Six,38,2001,75,75,75,75,75,75,4.1,5
OL,OL One,38,2001,75,75,75,75,75,75,4.1,5
OL,OL Two,38,2001,75,75,75,75,75,75,4.1,5
OL,OL Three,38,2001,75,75,75,75,75,75,4.1,5
OL,OL Four,38,2001,75,75,75,75,75,75,4.1,5
OL,OL Five,38,2001,75,75,75,75,75,75,4.1,5
OL,OL Six,38,2001,75,75,75,75,75,75,4.1,5
OL,OL Seven,38,2001,75,75,75,75,75,75,4.1,5
K,K One,38,2001,75,75,75,75,75,75,4.1,5
K,K Two,38,2001,75,75,75,75,75,75,4.1,5
S,S One,38,2001,75,75,75,75,75,75,4.1,5
S,S Two,38,2001,75,75,75,75,75,75,4.1,5
CB,CB One,38,2001,75,75,75,75,75,75,4.1,5
CB,CB Two,38,2001,75,75,75,75,75,75,4.1,5
CB,CB Three,38,2001,75,75,75,75,75,75,4.1,5
CB,CB Four,38,2001,75,75,75,75,75,75,4.1,5
CB,CB Five,38,2001,75,75,75,75,75,75,4.1,5
DL,DL One,38,2001,75,75,75,75,75,75,4.1,5
DL,DL Two,38,2001,75,75,75,75,75,75,4.1,5
DL,DL Three,38,2001,75,75,75,75,75,75,4.1,5
DL,DL Four,38,2001,75,75,75,75,75,75,4.1,5
DL,DL Five,38,2001,75,75,75,75,75,75,4.1,5
DL,DL Six,38,2001,75,75,75,75,75,75,4.1,5
LB,LB One,38,2001,75,75,75,75,75,75,4.1,5
LB,LB Two,38,2001,75,75,75,75,75,75,4.1,5
LB,LB Three,38,2001,75,75,75,75,75,75,4.1,5
LB,LB Four,38,2001,75,75,75,75,75,75,4.1,5
LB,LB Five,38,2001,75,75,75,75,75,75,4.1,5
LB,LB Six,38,2001,75,75,75,75,75,75,4.1,5
END_PLAYERS
######################################################################  RAMS
Los Angeles Rams,LA
QB,QB One,38,2001,75,75,75,75,75,75,4.1,5
QB,QB Two,38,2001,75,75,75,75,75,75,4.1,5
RB,RB One,38,2001,75,75,75,75,75,75,4.1,5
RB,RB Two,38,2001,75,75,75,75,75,75,4.1,5
RB,RB Three,38,2001,75,75,75,75,75,75,4.1,5
RB,RB Four,38,2001,75,75,75,75,75,75,4.1,5
WR,WR One,38,2001,75,75,75,75,75,75,4.1,5
WR,WR Two,38,2001,75,75,75,75,75,75,4.1,5
WR,WR Three,38,2001,75,75,75,75,75,75,4.1,5
WR,WR Four,38,2001,75,75,75,75,75,75,4.1,5
WR,WR Five,38,2001,75,75,75,75,75,75,4.1,5
WR,WR Six,38,2001,75,75,75,75,75,75,4.1,5
OL,OL One,38,2001,75,75,75,75,75,75,4.1,5
OL,OL Two,38,2001,75,75,75,75,75,75,4.1,5
OL,OL Three,38,2001,75,75,75,75,75,75,4.1,5
OL,OL Four,38,2001,75,75,75,75,75,75,4.1,5
OL,OL Five,38,2001,75,75,75,75,75,75,4.1,5
OL,OL Six,38,2001,75,75,75,75,75,75,4.1,5
OL,OL Seven,38,2001,75,75,75,75,75,75,4.1,5
K,K One,38,2001,75,75,75,75,75,75,4.1,5
K,K Two,38,2001,75,75,75,75,75,75,4.1,5
S,S One,38,2001,75,75,75,75,75,75,4.1,5
S,S Two,38,2001,75,75,75,75,75,75,4.1,5
CB,CB One,38,2001,75,75,75,75,75,75,4.1,5
CB,CB Two,38,2001,75,75,75,75,75,75,4.1,5
CB,CB Three,38,2001,75,75,75,75,75,75,4.1,5
CB,CB Four,38,2001,75,75,75,75,75,75,4.1,5
CB,CB Five,38,2001,75,75,75,75,75,75,4.1,5
DL,DL One,38,2001,75,75,75,75,75,75,4.1,5
DL,DL Two,38,2001,75,75,75,75,75,75,4.1,5
DL,DL Three,38,2001,75,75,75,75,75,75,4.1,5
DL,DL Four,38,2001,75,75,75,75,75,75,4.1,5
DL,DL Five,38,2001,75,75,75,75,75,75,4.1,5
DL,DL Six,38,2001,75,75,75,75,75,75,4.1,5
LB,LB One,38,2001,75,75,75,75,75,75,4.1,5
LB,LB Two,38,2001,75,75,75,75,75,75,4.1,5
LB,LB Three,38,2001,75,75,75,75,75,75,4.1,5
LB,LB Four,38,2001,75,75,75,75,75,75,4.1,5
LB,LB Five,38,2001,75,75,75,75,75,75,4.1,5
LB,LB Six,38,2001,75,75,75,75,75,75,4.1,5
END_PLAYERS
######################################################################  SEAHAWKS
Seattle Seahawks,SEA
QB,QB One,38,2001,75,75,75,75,75,75,4.1,5
QB,QB Two,38,2001,75,75,75,75,75,75,4.1,5
RB,RB One,38,2001,75,75,75,75,75,75,4.1,5
RB,RB Two,38,2001,75,75,75,75,75,75,4.1,5
RB,RB Three,38,2001,75,75,75,75,75,75,4.1,5
RB,RB Four,38,2001,75,75,75,75,75,75,4.1,5
WR,WR One,38,2001,75,75,75,75,75,75,4.1,5
WR,WR Two,38,2001,75,75,75,75,75,75,4.1,5
WR,WR Three,38,2001,75,75,75,75,75,75,4.1,5
WR,WR Four,38,2001,75,75,75,75,75,75,4.1,5
WR,WR Five,38,2001,75,75,75,75,75,75,4.1,5
WR,WR Six,38,2001,75,75,75,75,75,75,4.1,5
OL,OL One,38,2001,75,75,75,75,75,75,4.1,5
OL,OL Two,38,2001,75,75,75,75,75,75,4.1,5
OL,OL Three,38,2001,75,75,75,75,75,75,4.1,5
OL,OL Four,38,2001,75,75,75,75,75,75,4.1,5
OL,OL Five,38,2001,75,75,75,75,75,75,4.1,5
OL,OL Six,38,2001,75,75,75,75,75,75,4.1,5
OL,OL Seven,38,2001,75,75,75,75,75,75,4.1,5
K,K One,38,2001,75,75,75,75,75,75,4.1,5
K,K Two,38,2001,75,75,75,75,75,75,4.1,5
S,S One,38,2001,75,75,75,75,75,75,4.1,5
S,S Two,38,2001,75,75,75,75,75,75,4.1,5
CB,CB One,38,2001,75,75,75,75,75,75,4.1,5
CB,CB Two,38,2001,75,75,75,75,75,75,4.1,5
CB,CB Three,38,2001,75,75,75,75,75,75,4.1,5
CB,CB Four,38,2001,75,75,75,75,75,75,4.1,5
CB,CB Five,38,2001,75,75,75,75,75,75,4.1,5
DL,DL One,38,2001,75,75,75,75,75,75,4.1,5
DL,DL Two,38,2001,75,75,75,75,75,75,4.1,5
DL,DL Three,38,2001,75,75,75,75,75,75,4.1,5
DL,DL Four,38,2001,75,75,75,75,75,75,4.1,5
DL,DL Five,38,2001,75,75,75,75,75,75,4.1,5
DL,DL Six,38,2001,75,75,75,75,75,75,4.1,5
LB,LB One,38,2001,75,75,75,75,75,75,4.1,5
LB,LB Two,38,2001,75,75,75,75,75,75,4.1,5
LB,LB Three,38,2001,75,75,75,75,75,75,4.1,5
LB,LB Four,38,2001,75,75,75,75,75,75,4.1,5
LB,LB Five,38,2001,75,75,75,75,75,75,4.1,5
LB,LB Six,38,2001,75,75,75,75,75,75,4.1,5
END_PLAYERS
######################################################################  49ERS
San Francisco 49ers,SF
QB,QB One,38,2001,75,75,75,75,75,75,4.1,5
QB,QB Two,38,2001,75,75,75,75,75,75,4.1,5
RB,RB One,38,2001,75,75,75,75,75,75,4.1,5
RB,RB Two,38,2001,75,75,75,75,75,75,4.1,5
RB,RB Three,38,2001,75,75,75,75,75,75,4.1,5
RB,RB Four,38,2001,75,75,75,75,75,75,4.1,5
WR,WR One,38,2001,75,75,75,75,75,75,4.1,5
WR,WR Two,38,2001,75,75,75,75,75,75,4.1,5
WR,WR Three,38,2001,75,75,75,75,75,75,4.1,5
WR,WR Four,38,2001,75,75,75,75,75,75,4.1,5
WR,WR Five,38,2001,75,75,75,75,75,75,4.1,5
WR,WR Six,38,2001,75,75,75,75,75,75,4.1,5
OL,OL One,38,2001,75,75,75,75,75,75,4.1,5
OL,OL Two,38,2001,75,75,75,75,75,75,4.1,5
OL,OL Three,38,2001,75,75,75,75,75,75,4.1,5
OL,OL Four,38,2001,75,75,75,75,75,75,4.1,5
OL,OL Five,38,2001,75,75,75,75,75,75,4.1,5
OL,OL Six,38,2001,75,75,75,75,75,75,4.1,5
OL,OL Seven,38,2001,75,75,75,75,75,75,4.1,5
K,K One,38,2001,75,75,75,75,75,75,4.1,5
K,K Two,38,2001,75,75,75,75,75,75,4.1,5
S,S One,38,2001,75,75,75,75,75,75,4.1,5
S,S Two,38,2001,75,75,75,75,75,75,4.1,5
CB,CB One,38,2001,75,75,75,75,75,75,4.1,5
CB,CB Two,38,2001,75,75,75,75,75,75,4.1,5
CB,CB Three,38,2001,75,75,75,75,75,75,4.1,5
CB,CB Four,38,2001,75,75,75,75,75,75,4.1,5
CB,CB Five,38,2001,75,75,75,75,75,75,4.1,5
DL,DL One,38,2001,75,75,75,75,75,75,4.1,5
DL,DL Two,38,2001,75,75,75,75,75,75,4.1,5
DL,DL Three,38,2001,75,75,75,75,75,75,4.1,5
DL,DL Four,38,2001,75,75,75,75,75,75,4.1,5
DL,DL Five,38,2001,75,75,75,75,75,75,4.1,5
DL,DL Six,38,2001,75,75,75,75,75,75,4.1,5
LB,LB One,38,2001,75,75,75,75,75,75,4.1,5
LB,LB Two,38,2001,75,75,75,75,75,75,4.1,5
LB,LB Three,38,2001,75,75,75,75,75,75,4.1,5
LB,LB Four,38,2001,75,75,75,75,75,75,4.1,5
LB,LB Five,38,2001,75,75,75,75,75,75,4.1,5
LB,LB Six,38,2001,75,75,75,75,75,75,4.1,5
END_PLAYERS
######################################################################  RAVENS
Baltimore Ravens,BAL
QB,QB One,38,2001,75,75,75,75,75,75,4.1,5
QB,QB Two,38,2001,75,75,75,75,75,75,4.1,5
RB,RB One,38,2001,75,75,75,75,75,75,4.1,5
RB,RB Two,38,2001,75,75,75,75,75,75,4.1,5
RB,RB Three,38,2001,75,75,75,75,75,75,4.1,5
RB,RB Four,38,2001,75,75,75,75,75,75,4.1,5
WR,WR One,38,2001,75,75,75,75,75,75,4.1,5
WR,WR Two,38,2001,75,75,75,75,75,75,4.1,5
WR,WR Three,38,2001,75,75,75,75,75,75,4.1,5
WR,WR Four,38,2001,75,75,75,75,75,75,4.1,5
WR,WR Five,38,2001,75,75,75,75,75,75,4.1,5
WR,WR Six,38,2001,75,75,75,75,75,75,4.1,5
OL,OL One,38,2001,75,75,75,75,75,75,4.1,5
OL,OL Two,38,2001,75,75,75,75,75,75,4.1,5
OL,OL Three,38,2001,75,75,75,75,75,75,4.1,5
OL,OL Four,38,2001,75,75,75,75,75,75,4.1,5
OL,OL Five,38,2001,75,75,75,75,75,75,4.1,5
OL,OL Six,38,2001,75,75,75,75,75,75,4.1,5
OL,OL Seven,38,2001,75,75,75,75,75,75,4.1,5
K,K One,38,2001,75,75,75,75,75,75,4.1,5
K,K Two,38,2001,75,75,75,75,75,75,4.1,5
S,S One,38,2001,75,75,75,75,75,75,4.1,5
S,S Two,38,2001,75,75,75,75,75,75,4.1,5
CB,CB One,38,2001,75,75,75,75,75,75,4.1,5
CB,CB Two,38,2001,75,75,75,75,75,75,4.1,5
CB,CB Three,38,2001,75,75,75,75,75,75,4.1,5
CB,CB Four,38,2001,75,75,75,75,75,75,4.1,5
CB,CB Five,38,2001,75,75,75,75,75,75,4.1,5
DL,DL One,38,2001,75,75,75,75,75,75,4.1,5
DL,DL Two,38,2001,75,75,75,75,75,75,4.1,5
DL,DL Three,38,2001,75,75,75,75,75,75,4.1,5
DL,DL Four,38,2001,75,75,75,75,75,75,4.1,5
DL,DL Five,38,2001,75,75,75,75,75,75,4.1,5
DL,DL Six,38,2001,75,75,75,75,75,75,4.1,5
LB,LB One,38,2001,75,75,75,75,75,75,4.1,5
LB,LB Two,38,2001,75,75,75,75,75,75,4.1,5
LB,LB Three,38,2001,75,75,75,75,75,75,4.1,5
LB,LB Four,38,2001,75,75,75,75,75,75,4.1,5
LB,LB Five,38,2001,75,75,75,75,75,75,4.1,5
LB,LB Six,38,2001,75,75,75,75,75,75,4.1,5
END_PLAYERS
